-23.607, -23.607, 69.942
-23.607, -23.707, 69.941
-23.607, -23.807, 69.941
-23.607, -23.907, 69.94
-23.607, -24.007, 69.94
-23.607, -24.107, 69.939
-23.607, -24.207, 69.939
-23.607, -24.307, 69.938
-23.607, -24.407, 69.937
-23.607, -24.507, 69.936
-23.607, -24.607, 69.936
-23.607, -24.707, 69.935
-23.607, -24.807, 69.934
-23.607, -24.907, 69.934
-23.607, -25.007, 69.933
-23.607, -25.107, 69.932
-23.607, -25.207, 69.931
-23.607, -25.307, 69.931
-23.607, -25.407, 69.93
-23.607, -25.507, 69.929
-23.607, -25.607, 69.928
-23.607, -25.707, 69.927
-23.607, -25.807, 69.926
-23.606, -25.907, 69.926
-23.606, -26.007, 69.925
-23.606, -26.107, 69.923
-23.606, -26.207, 69.923
-23.606, -26.307, 69.922
-23.606, -26.407, 69.921
-23.606, -26.507, 69.92
-23.606, -26.607, 69.919
-23.606, -26.707, 69.918
-23.606, -26.807, 69.916
-23.605, -26.907, 69.915
-23.605, -27.007, 69.915
-23.605, -27.107, 69.914
-23.605, -27.207, 69.912
-23.605, -27.307, 69.911
-23.605, -27.407, 69.91
-23.605, -27.507, 69.908
-23.605, -27.607, 69.908
-23.604, -27.707, 69.907
-23.604, -27.807, 69.905
-23.604, -27.907, 69.904
-23.604, -28.007, 69.903
-23.604, -28.107, 69.901
-23.604, -28.207, 69.9
-23.603, -28.307, 69.898
-23.603, -28.407, 69.897
-23.603, -28.507, 69.895
-23.603, -28.607, 69.893
-23.603, -28.707, 69.892
-23.602, -28.807, 69.89
-23.602, -28.907, 69.889
-23.602, -29.007, 69.886
-23.602, -29.107, 69.885
-23.602, -29.207, 69.884
-23.601, -29.307, 69.882
-23.601, -29.407, 69.88
-23.601, -29.507, 69.878
-23.601, -29.607, 69.877
-23.6, -29.707, 69.874
-23.6, -29.807, 69.873
-23.6, -29.907, 69.87
-23.6, -30.007, 69.867
-23.599, -30.107, 69.866
-23.599, -30.207, 69.863
-23.599, -30.307, 69.861
-23.598, -30.407, 69.858
-23.598, -30.507, 69.857
-23.598, -30.607, 69.853
-23.597, -30.707, 69.85
-23.597, -30.807, 69.849
-23.597, -30.907, 69.845
-23.596, -31.007, 69.842
-23.596, -31.107, 69.84
-23.596, -31.207, 69.836
-23.595, -31.307, 69.833
-23.595, -31.407, 69.831
-23.594, -31.507, 69.827
-23.594, -31.607, 69.823
-23.594, -31.707, 69.819
-23.593, -31.807, 69.817
-23.593, -31.907, 69.813
-23.592, -32.007, 69.809
-23.592, -32.107, 69.804
-23.591, -32.207, 69.8
-23.591, -32.307, 69.797
-23.591, -32.407, 69.793
-23.59, -32.507, 69.788
-23.59, -32.607, 69.783
-23.589, -32.707, 69.778
-23.589, -32.807, 69.773
-23.588, -32.907, 69.767
-23.587, -33.007, 69.762
-23.587, -33.107, 69.756
-23.586, -33.207, 69.751
-23.586, -33.307, 69.745
-23.585, -33.407, 69.738
-23.585, -33.507, 69.732
-23.584, -33.607, 69.726
-23.583, -33.707, 69.719
-23.583, -33.807, 69.712
-23.582, -33.907, 69.702
-23.581, -34.007, 69.694
-23.581, -34.107, 69.687
-23.58, -34.207, 69.679
-23.579, -34.307, 69.671
-23.578, -34.407, 69.659
-23.578, -34.507, 69.651
-23.577, -34.607, 69.642
-23.576, -34.707, 69.628
-23.575, -34.807, 69.619
-23.574, -34.907, 69.604
-23.574, -35.007, 69.594
-23.573, -35.107, 69.584
-23.572, -35.207, 69.568
-23.571, -35.307, 69.551
-23.57, -35.407, 69.54
-23.569, -35.507, 69.522
-23.568, -35.607, 69.51
-23.567, -35.707, 69.49
-23.566, -35.807, 69.47
-23.565, -35.907, 69.449
-23.564, -36.007, 69.427
-23.563, -36.107, 69.412
-23.562, -36.207, 69.389
-23.56, -36.307, 69.364
-23.559, -36.407, 69.339
-23.558, -36.507, 69.312
-23.557, -36.607, 69.274
-23.555, -36.707, 69.245
-23.554, -36.807, 69.214
-23.553, -36.907, 69.182
-23.551, -37.007, 69.136
-23.55, -37.107, 69.101
-23.548, -37.207, 69.051
-23.547, -37.307, 69.011
-23.545, -37.407, 68.956
-23.543, -37.507, 68.898
-23.541, -37.607, 68.836
-23.54, -37.707, 68.771
-23.538, -37.807, 68.702
-23.536, -37.907, 68.629
-23.534, -38.007, 68.496
-23.532, -38.107, 68.31
-23.53, -38.207, 68.124
-23.528, -38.307, 67.937
-23.525, -38.407, 67.75
-23.523, -38.507, 67.562
-23.52, -38.607, 67.374
-23.518, -38.707, 67.185
-23.515, -38.807, 66.996
-23.512, -38.907, 66.806
-23.509, -39.007, 66.616
-23.506, -39.107, 66.425
-23.503, -39.207, 66.233
-23.499, -39.306, 66.041
-23.496, -39.406, 65.849
-23.492, -39.506, 65.656
-23.488, -39.606, 65.462
-23.484, -39.706, 65.268
-23.479, -39.806, 65.073
-23.474, -39.906, 64.877
-23.469, -40.006, 64.77
-23.464, -40.106, 64.81
-23.459, -40.206, 65.023
-23.453, -40.305, 65.543
-23.447, -40.405, 65.632
-23.441, -40.505, 65.438
-23.434, -40.605, 65.243
-23.428, -40.705, 65.048
-23.422, -40.804, 64.853
-23.415, -40.904, 64.657
-23.409, -41.004, 64.46
-23.403, -41.104, 64.263
-23.397, -41.204, 64.065
-23.392, -41.303, 63.866
-23.387, -41.403, 63.667
-23.382, -41.503, 63.467
-23.377, -41.603, 63.267
-23.373, -41.703, 63.066
-23.368, -41.803, 62.864
-23.364, -41.903, 62.662
-23.361, -42.003, 62.459
-23.357, -42.103, 62.255
-23.354, -42.203, 62.051
-23.35, -42.303, 61.846
-23.347, -42.403, 61.64
-23.344, -42.503, 61.434
-23.341, -42.602, 61.227
-23.339, -42.702, 61.019
-23.336, -42.802, 60.81
-23.334, -42.902, 60.601
-23.331, -43.002, 60.391
-23.329, -43.102, 60.181
-23.327, -43.202, 59.969
-23.325, -43.302, 59.757
-23.323, -43.402, 59.544
-23.321, -43.502, 59.33
-23.319, -43.602, 59.116
-23.317, -43.702, 58.901
-23.315, -43.802, 58.685
-23.313, -43.902, 58.468
-23.312, -44.002, 58.25
-23.31, -44.102, 58.032
-23.309, -44.202, 57.813
-23.307, -44.302, 57.593
-23.306, -44.402, 57.372
-23.304, -44.502, 57.15
-23.303, -44.602, 56.927
-23.301, -44.702, 56.704
-23.3, -44.802, 56.479
-23.299, -44.902, 56.254
-23.298, -45.002, 56.028
-23.296, -45.102, 55.801
-23.295, -45.202, 55.573
-23.294, -45.302, 55.344
-23.293, -45.402, 55.114
-23.292, -45.502, 54.883
-23.291, -45.602, 54.651
-23.29, -45.702, 54.418
-23.289, -45.802, 54.184
-23.288, -45.902, 53.949
-23.287, -46.002, 53.713
-23.286, -46.102, 53.476
-23.285, -46.202, 53.238
-23.284, -46.302, 52.999
-23.283, -46.402, 52.759
-23.283, -46.502, 52.518
-23.282, -46.602, 52.275
-23.281, -46.702, 52.032
-23.28, -46.802, 51.787
-23.279, -46.902, 51.541
-23.279, -47.002, 51.294
-23.278, -47.102, 51.046
-23.277, -47.202, 50.797
-23.251, -47.298, 50.547
-23.22, -47.393, 50.295
-23.189, -47.488, 50.042
-23.157, -47.583, 49.788
-23.125, -47.678, 49.532
-23.092, -47.772, 49.275
-23.058, -47.866, 49.017
-23.024, -47.96, 48.757
-22.989, -48.054, 48.496
-22.953, -48.147, 48.233
-22.916, -48.24, 47.969
-22.879, -48.333, 47.704
-22.84, -48.425, 47.437
-22.801, -48.517, 47.168
-22.762, -48.609, 46.898
-22.721, -48.7, 46.626
-22.679, -48.791, 46.353
-22.637, -48.882, 46.079
-22.593, -48.972, 45.802
-22.549, -49.061, 45.524
-22.503, -49.15, 45.244
-22.457, -49.239, 44.963
-22.41, -49.327, 44.679
-22.361, -49.415, 44.394
-22.312, -49.502, 44.107
-22.262, -49.588, 43.818
-22.21, -49.674, 43.527
-22.157, -49.759, 43.235
-22.104, -49.843, 42.94
-22.049, -49.927, 42.643
-21.993, -50.01, 42.344
-21.936, -50.092, 42.043
-21.878, -50.173, 41.74
-21.818, -50.254, 41.435
-21.758, -50.333, 41.127
-21.696, -50.412, 40.817
-21.633, -50.49, 40.505
-21.569, -50.567, 40.2
-21.504, -50.642, 39.933
-21.438, -50.717, 39.707
-21.371, -50.791, 39.522
-21.302, -50.864, 39.405
-21.232, -50.936, 39.298
-21.161, -51.006, 39.234
-21.09, -51.076, 39.215
-21.017, -51.144, 39.241
-20.943, -51.211, 39.311
-20.868, -51.277, 39.425
-20.791, -51.342, 39.547
-20.714, -51.406, 39.738
-20.636, -51.468, 39.97
-20.557, -51.53, 40.241
-20.477, -51.59, 40.551
-20.397, -51.649, 40.825
-20.315, -51.706, 41.199
-20.232, -51.763, 41.605
-20.149, -51.818, 42.041
-20.065, -51.872, 42.41
-19.98, -51.925, 42.895
-19.895, -51.977, 43.403
-19.808, -52.028, 43.825
-19.721, -52.077, 44.369
-19.634, -52.125, 44.817
-19.546, -52.172, 45.389
-19.457, -52.219, 45.855
-19.368, -52.264, 46.448
-19.278, -52.307, 46.928
-19.187, -52.35, 47.533
-19.096, -52.392, 48.02
-19.005, -52.433, 48.509
-18.913, -52.473, 49.121
-18.821, -52.511, 49.61
-18.729, -52.549, 50.098
-18.636, -52.586, 50.584
-18.542, -52.622, 51.067
-18.449, -52.657, 51.546
-18.355, -52.691, 52.14
-18.26, -52.725, 52.609
-18.166, -52.757, 53.073
-18.071, -52.789, 53.531
-17.976, -52.82, 53.982
-17.881, -52.85, 54.427
-17.785, -52.879, 54.756
-17.689, -52.907, 55.188
-17.593, -52.935, 55.613
-17.497, -52.962, 56.03
-17.4, -52.989, 56.439
-17.304, -53.015, 56.74
-17.207, -53.04, 57.135
-17.11, -53.064, 57.521
-17.013, -53.088, 57.805
-16.916, -53.112, 58.176
-16.818, -53.134, 58.539
-16.721, -53.156, 58.806
-16.623, -53.178, 59.154
-16.525, -53.199, 59.409
-16.427, -53.22, 59.742
-16.329, -53.239, 59.986
-16.231, -53.259, 60.305
-16.133, -53.278, 60.538
-16.035, -53.297, 60.767
-15.937, -53.315, 61.065
-15.838, -53.332, 61.283
-15.74, -53.349, 61.496
-15.641, -53.366, 61.706
-15.542, -53.382, 61.978
-15.444, -53.398, 62.177
-15.345, -53.414, 62.372
-15.246, -53.429, 62.562
-15.147, -53.444, 62.749
-15.048, -53.458, 62.991
-14.949, -53.472, 63.168
-14.85, -53.486, 63.341
-14.751, -53.499, 63.511
-14.652, -53.512, 63.676
-14.553, -53.525, 63.838
-14.453, -53.538, 63.996
-14.354, -53.55, 64.151
-14.255, -53.561, 64.302
-14.156, -53.573, 64.45
-14.056, -53.584, 64.594
-13.957, -53.595, 64.688
-13.857, -53.606, 64.827
-13.758, -53.616, 64.962
-13.658, -53.626, 65.095
-13.559, -53.636, 65.224
-13.459, -53.646, 65.35
-13.36, -53.656, 65.433
-13.26, -53.665, 65.554
-13.161, -53.674, 65.673
-13.061, -53.682, 65.788
-12.961, -53.691, 65.864
-12.862, -53.699, 65.975
-12.762, -53.708, 66.083
-12.662, -53.715, 66.154
-12.563, -53.723, 66.258
-12.463, -53.731, 66.36
-12.363, -53.738, 66.427
-12.264, -53.745, 66.524
-12.164, -53.752, 66.588
-12.064, -53.759, 66.682
-11.964, -53.766, 66.743
-11.864, -53.772, 66.833
-11.765, -53.779, 66.921
-11.665, -53.785, 66.979
-11.565, -53.791, 67.063
-11.465, -53.797, 67.118
-11.365, -53.802, 67.172
-11.266, -53.808, 67.252
-11.166, -53.813, 67.304
-11.066, -53.819, 67.38
-10.966, -53.824, 67.43
-10.866, -53.829, 67.504
-10.766, -53.834, 67.552
-10.666, -53.839, 67.599
-10.566, -53.843, 67.668
-10.467, -53.848, 67.713
-10.367, -53.852, 67.758
-10.267, -53.857, 67.823
-10.167, -53.861, 67.866
-10.067, -53.865, 67.908
-9.967, -53.869, 67.97
-9.867, -53.873, 68.01
-9.767, -53.877, 68.05
-9.667, -53.88, 68.089
-9.567, -53.884, 68.146
-9.467, -53.887, 68.183
-9.367, -53.891, 68.22
-9.267, -53.894, 68.256
-9.167, -53.897, 68.31
-9.068, -53.901, 68.344
-8.968, -53.904, 68.378
-8.868, -53.907, 68.412
-8.768, -53.909, 68.445
-8.668, -53.912, 68.478
-8.568, -53.915, 68.525
-8.468, -53.918, 68.556
-8.368, -53.92, 68.587
-8.268, -53.923, 68.617
-8.168, -53.925, 68.647
-8.068, -53.928, 68.676
-7.968, -53.93, 68.705
-7.868, -53.932, 68.733
-7.768, -53.934, 68.761
-7.668, -53.936, 68.788
-7.568, -53.938, 68.815
-7.468, -53.94, 68.854
-7.368, -53.942, 68.88
-7.268, -53.944, 68.905
-7.168, -53.946, 68.93
-7.068, -53.948, 68.955
-6.968, -53.949, 68.979
-6.868, -53.951, 69.002
-6.768, -53.953, 69.026
-6.668, -53.954, 69.048
-6.568, -53.956, 69.071
-6.468, -53.957, 69.082
-6.368, -53.959, 69.104
-6.268, -53.96, 69.126
-6.168, -53.961, 69.147
-6.068, -53.963, 69.168
-5.968, -53.964, 69.188
-5.868, -53.965, 69.208
-5.768, -53.966, 69.228
-5.668, -53.967, 69.248
-5.568, -53.968, 69.267
-5.468, -53.969, 69.286
-5.368, -53.97, 69.304
-5.268, -53.971, 69.313
-5.168, -53.972, 69.332
-5.068, -53.973, 69.349
-4.968, -53.974, 69.367
-4.868, -53.975, 69.384
-4.768, -53.976, 69.401
-4.668, -53.976, 69.418
-4.568, -53.977, 69.426
-4.468, -53.978, 69.442
-4.368, -53.979, 69.458
-4.268, -53.979, 69.474
-4.168, -53.98, 69.489
-4.068, -53.98, 69.497
-3.968, -53.981, 69.512
-3.868, -53.982, 69.526
-3.768, -53.982, 69.541
-3.668, -53.983, 69.548
-3.568, -53.983, 69.562
-3.468, -53.984, 69.576
-3.368, -53.984, 69.59
-3.268, -53.984, 69.597
-3.168, -53.985, 69.61
-3.068, -53.985, 69.623
-2.968, -53.985, 69.636
-2.868, -53.986, 69.642
-2.768, -53.986, 69.655
-2.668, -53.986, 69.667
-2.568, -53.987, 69.673
-2.468, -53.987, 69.685
-2.368, -53.987, 69.697
-2.268, -53.987, 69.709
-2.168, -53.988, 69.714
-2.068, -53.988, 69.726
-1.968, -53.988, 69.737
-1.868, -53.988, 69.742
-1.768, -53.988, 69.753
-1.668, -53.989, 69.764
-1.568, -53.989, 69.769
-1.468, -53.989, 69.78
-1.368, -53.989, 69.785
-1.268, -53.989, 69.795
-1.168, -53.989, 69.805
-1.068, -53.989, 69.81
-0.968, -53.989, 69.819
-0.868, -53.989, 69.829
-0.768, -53.989, 69.834
-0.668, -53.989, 69.843
-0.568, -53.989, 69.847
-0.468, -53.989, 69.856
-0.368, -53.989, 69.788
-0.268, -53.989, 69.606
-0.168, -53.99, 69.423
-0.078, -53.968, 69.254
-0.014, -53.891, 69.255
0.05, -53.814, 69.257
0.114, -53.738, 69.258
0.178, -53.661, 69.26
0.242, -53.584, 69.263
0.306, -53.507, 69.265
0.37, -53.43, 69.267
0.434, -53.354, 69.269
0.498, -53.277, 69.272
0.562, -53.2, 69.275
0.626, -53.124, 69.277
0.691, -53.047, 69.28
0.755, -52.97, 69.285
0.819, -52.894, 69.288
0.883, -52.817, 69.291
0.948, -52.741, 69.295
1.012, -52.664, 69.298
1.077, -52.588, 69.304
1.141, -52.511, 69.308
1.205, -52.435, 69.312
1.27, -52.358, 69.316
1.334, -52.282, 69.321
1.399, -52.205, 69.328
1.463, -52.129, 69.333
1.528, -52.053, 69.338
1.593, -51.976, 69.343
1.657, -51.9, 69.351
1.722, -51.824, 69.356
1.787, -51.747, 69.362
1.851, -51.671, 69.368
1.916, -51.595, 69.377
1.981, -51.519, 69.383
2.046, -51.443, 69.389
2.11, -51.366, 69.399
2.175, -51.29, 69.406
2.24, -51.214, 69.413
2.305, -51.138, 69.424
2.37, -51.062, 69.431
2.435, -50.986, 69.439
2.5, -50.91, 69.45
2.565, -50.834, 69.458
2.63, -50.758, 69.466
2.695, -50.682, 69.479
2.76, -50.606, 69.487
2.825, -50.53, 69.496
2.89, -50.454, 69.509
2.955, -50.378, 69.518
3.02, -50.302, 69.532
3.085, -50.226, 69.541
3.15, -50.15, 69.551
3.215, -50.074, 69.566
3.28, -49.999, 69.576
3.346, -49.923, 69.591
3.411, -49.847, 69.601
3.476, -49.771, 69.612
3.541, -49.695, 69.628
3.607, -49.62, 69.639
3.672, -49.544, 69.656
3.737, -49.468, 69.667
3.802, -49.392, 69.684
3.868, -49.317, 69.696
3.933, -49.241, 69.713
3.998, -49.165, 69.725
4.064, -49.089, 69.744
4.129, -49.014, 69.756
4.194, -48.938, 69.775
4.26, -48.862, 69.787
4.325, -48.787, 69.806
4.39, -48.711, 69.819
4.456, -48.635, 69.839
4.521, -48.56, 69.852
4.587, -48.484, 69.872
4.652, -48.408, 69.886
4.717, -48.333, 69.906
4.783, -48.257, 69.92
4.848, -48.181, 69.941
4.914, -48.106, 69.955
4.979, -48.03, 69.976
5.044, -47.955, 69.997
5.11, -47.879, 69.988
5.175, -47.803, 69.967
5.241, -47.728, 69.952
5.306, -47.652, 69.93
5.372, -47.576, 69.916
5.437, -47.501, 69.893
5.502, -47.425, 69.879
5.568, -47.349, 69.856
5.633, -47.274, 69.834
5.699, -47.198, 69.819
5.764, -47.122, 69.796
5.829, -47.047, 69.781
5.895, -46.971, 69.759
5.96, -46.895, 69.736
6.025, -46.82, 69.721
6.091, -46.744, 69.698
6.156, -46.668, 69.683
6.221, -46.593, 69.661
6.287, -46.517, 69.638
6.352, -46.441, 69.623
6.417, -46.365, 69.6
6.482, -46.29, 69.585
6.548, -46.214, 69.563
6.613, -46.138, 69.541
6.678, -46.062, 69.526
6.743, -45.986, 69.504
6.808, -45.91, 69.489
6.874, -45.835, 69.467
6.939, -45.759, 69.445
7.004, -45.683, 69.431
7.069, -45.607, 69.409
7.134, -45.531, 69.395
7.199, -45.455, 69.374
7.264, -45.379, 69.353
7.329, -45.303, 69.339
7.394, -45.227, 69.318
7.459, -45.151, 69.305
7.524, -45.075, 69.284
7.589, -44.999, 69.264
7.654, -44.923, 69.251
7.718, -44.847, 69.232
7.783, -44.77, 69.219
7.848, -44.694, 69.2
7.913, -44.618, 69.181
7.977, -44.542, 69.169
8.042, -44.465, 69.151
8.107, -44.389, 69.139
8.171, -44.313, 69.121
8.236, -44.236, 69.104
8.301, -44.16, 69.093
8.365, -44.084, 69.076
8.429, -44.007, 69.065
8.494, -43.931, 69.049
8.558, -43.854, 69.039
8.623, -43.778, 69.023
8.687, -43.701, 69.008
8.751, -43.625, 68.999
8.816, -43.548, 68.984
8.88, -43.471, 68.975
8.944, -43.394, 68.961
9.008, -43.318, 68.953
9.072, -43.241, 68.94
9.136, -43.164, 68.931
9.2, -43.087, 68.919
9.264, -43.01, 68.911
9.328, -42.934, 68.9
9.392, -42.857, 68.892
9.456, -42.78, 68.882
9.519, -42.703, 68.875
9.583, -42.626, 68.865
9.647, -42.548, 68.858
9.711, -42.471, 68.849
9.774, -42.394, 68.843
9.838, -42.317, 68.834
9.901, -42.24, 68.829
9.965, -42.162, 68.821
10.028, -42.085, 68.816
10.092, -42.008, 68.809
10.155, -41.93, 68.805
10.218, -41.853, 68.798
10.281, -41.776, 68.795
10.345, -41.698, 68.791
10.408, -41.62, 68.785
10.471, -41.543, 68.782
10.534, -41.465, 68.778
10.597, -41.388, 68.775
10.66, -41.31, 68.771
10.723, -41.232, 68.768
10.786, -41.154, 68.766
10.848, -41.077, 68.763
10.911, -40.999, 68.762
10.974, -40.921, 68.76
11.036, -40.843, 68.758
11.099, -40.765, 68.757
11.162, -40.687, 68.756
11.224, -40.609, 68.755
11.287, -40.531, 68.754
11.349, -40.453, 68.754
11.411, -40.374, 68.754
11.474, -40.296, 68.754
11.536, -40.218, 68.754
11.598, -40.14, 68.755
11.66, -40.061, 68.755
11.722, -39.983, 68.756
11.784, -39.905, 68.758
11.846, -39.826, 68.759
11.908, -39.748, 68.76
11.97, -39.669, 68.762
12.032, -39.591, 68.764
12.094, -39.512, 68.766
12.156, -39.433, 68.768
12.218, -39.355, 68.771
12.279, -39.276, 68.773
12.341, -39.197, 68.775
12.402, -39.118, 68.778
12.464, -39.039, 68.78
12.525, -38.961, 68.785
12.587, -38.882, 68.788
12.648, -38.803, 68.791
12.71, -38.724, 68.794
12.771, -38.645, 68.797
12.832, -38.566, 68.802
12.893, -38.487, 68.806
12.954, -38.407, 68.809
13.015, -38.328, 68.813
13.076, -38.249, 68.817
13.137, -38.17, 68.821
13.198, -38.09, 68.825
13.259, -38.011, 68.831
13.32, -37.932, 68.835
13.381, -37.852, 68.84
13.442, -37.773, 68.844
13.502, -37.694, 68.849
13.563, -37.614, 68.853
13.624, -37.534, 68.858
13.684, -37.455, 68.863
13.745, -37.375, 68.867
13.805, -37.296, 68.872
13.866, -37.216, 68.877
13.926, -37.136, 68.882
13.986, -37.057, 68.887
14.047, -36.977, 68.892
14.107, -36.897, 68.898
14.167, -36.817, 68.903
14.227, -36.737, 68.908
14.287, -36.657, 68.913
14.347, -36.577, 68.919
14.407, -36.497, 68.924
14.467, -36.417, 68.93
14.527, -36.337, 68.935
14.587, -36.257, 68.941
14.647, -36.177, 68.947
14.707, -36.097, 68.952
14.767, -36.017, 68.958
14.826, -35.937, 68.964
14.886, -35.856, 68.969
14.946, -35.776, 68.975
15.005, -35.696, 68.981
15.065, -35.615, 68.987
15.124, -35.535, 68.993
15.184, -35.455, 68.999
15.243, -35.374, 69.005
15.303, -35.294, 69.011
15.362, -35.213, 69.014
15.421, -35.133, 69.02
15.481, -35.052, 69.026
15.54, -34.972, 69.032
15.599, -34.891, 69.038
15.658, -34.811, 69.044
15.717, -34.73, 69.05
15.776, -34.649, 69.053
15.836, -34.568, 69.059
15.895, -34.488, 69.065
15.953, -34.407, 69.072
16.012, -34.326, 69.078
16.071, -34.245, 69.084
16.13, -34.165, 69.087
16.189, -34.084, 69.093
16.248, -34.003, 69.099
16.306, -33.922, 69.105
16.365, -33.841, 69.112
16.424, -33.76, 69.115
16.482, -33.679, 69.121
16.541, -33.598, 69.127
16.6, -33.517, 69.133
16.658, -33.436, 69.136
16.717, -33.355, 69.142
16.775, -33.273, 69.148
16.833, -33.192, 69.154
16.892, -33.111, 69.158
16.95, -33.03, 69.164
17.008, -32.949, 69.17
17.067, -32.867, 69.173
17.125, -32.786, 69.179
17.183, -32.705, 69.185
17.241, -32.623, 69.191
17.299, -32.542, 69.194
17.358, -32.461, 69.102
17.416, -32.379, 68.918
17.474, -32.298, 68.733
17.532, -32.216, 68.548
17.59, -32.135, 68.363
17.648, -32.053, 68.177
17.705, -31.972, 67.99
17.763, -31.89, 67.803
17.821, -31.809, 67.616
17.879, -31.727, 67.428
17.937, -31.645, 67.239
17.995, -31.564, 67.05
18.052, -31.482, 66.86
18.11, -31.4, 66.67
18.168, -31.319, 66.479
18.225, -31.237, 66.288
18.283, -31.155, 66.096
18.34, -31.073, 65.904
18.398, -30.992, 65.711
18.455, -30.91, 65.517
18.513, -30.828, 65.323
18.57, -30.746, 65.128
18.628, -30.664, 64.933
18.685, -30.582, 64.737
18.743, -30.5, 64.541
18.8, -30.419, 64.343
18.857, -30.337, 64.146
18.914, -30.255, 63.947
18.972, -30.173, 63.749
19.029, -30.091, 63.549
19.086, -30.009, 63.349
19.143, -29.927, 63.148
19.2, -29.844, 62.947
19.257, -29.762, 62.745
19.315, -29.68, 62.542
19.372, -29.598, 62.338
19.429, -29.516, 62.134
19.486, -29.434, 61.93
19.543, -29.352, 61.724
19.6, -29.269, 61.518
19.657, -29.187, 61.311
19.713, -29.105, 61.104
19.77, -29.023, 60.896
19.827, -28.94, 60.687
19.884, -28.858, 60.477
19.941, -28.776, 60.267
19.997, -28.694, 60.056
20.054, -28.611, 59.844
20.111, -28.529, 59.631
20.168, -28.446, 59.418
20.224, -28.364, 59.204
20.281, -28.282, 58.989
20.338, -28.199, 58.773
20.394, -28.117, 58.557
20.451, -28.034, 58.339
20.507, -27.952, 58.121
20.564, -27.869, 57.902
20.62, -27.787, 57.683
20.677, -27.704, 57.462
20.733, -27.622, 57.241
20.79, -27.539, 57.018
20.846, -27.457, 56.795
20.903, -27.374, 56.571
20.959, -27.292, 56.346
21.015, -27.209, 56.12
21.072, -27.126, 55.893
21.128, -27.044, 55.666
21.184, -26.961, 55.437
21.24, -26.878, 55.208
21.297, -26.796, 54.977
21.353, -26.713, 54.746
21.409, -26.63, 54.513
21.465, -26.547, 54.28
21.521, -26.465, 54.045
21.577, -26.382, 53.81
21.634, -26.299, 53.573
21.69, -26.216, 53.336
21.746, -26.134, 53.097
21.802, -26.051, 52.857
21.858, -25.968, 52.616
21.914, -25.885, 52.374
21.97, -25.802, 52.131
22.026, -25.719, 51.887
22.082, -25.636, 51.642
22.138, -25.553, 51.395
22.193, -25.471, 51.148
22.249, -25.388, 50.899
22.305, -25.305, 50.649
22.361, -25.222, 50.397
22.417, -25.139, 50.145
22.473, -25.056, 49.891
22.528, -24.973, 49.635
22.584, -24.89, 49.379
22.64, -24.807, 49.121
22.696, -24.724, 48.862
22.751, -24.641, 48.601
22.807, -24.558, 48.339
22.863, -24.475, 48.076
22.918, -24.391, 47.811
22.974, -24.308, 47.545
23.03, -24.225, 47.277
23.085, -24.142, 47.007
23.141, -24.059, 46.736
23.196, -23.976, 46.464
23.252, -23.893, 46.19
23.307, -23.809, 45.914
23.363, -23.726, 45.636
23.418, -23.643, 45.357
23.474, -23.56, 45.076
23.529, -23.477, 44.794
23.585, -23.394, 44.509
23.641, -23.311, 44.223
23.697, -23.228, 43.935
23.753, -23.145, 43.645
23.809, -23.062, 43.353
23.865, -22.979, 43.059
23.921, -22.896, 42.763
23.977, -22.814, 42.465
24.034, -22.731, 42.165
24.09, -22.649, 41.863
24.147, -22.566, 41.558
24.204, -22.484, 41.251
24.26, -22.402, 40.942
24.317, -22.32, 40.631
24.374, -22.238, 40.317
24.432, -22.156, 40.001
24.489, -22.074, 39.682
24.547, -21.992, 39.361
24.604, -21.91, 39.037
24.662, -21.828, 38.71
24.72, -21.747, 38.381
24.778, -21.666, 38.048
24.836, -21.584, 37.713
24.895, -21.503, 37.375
24.953, -21.422, 37.034
25.012, -21.341, 36.689
25.071, -21.26, 36.341
25.13, -21.179, 35.99
25.189, -21.099, 35.635
25.248, -21.018, 35.277
25.308, -20.938, 34.915
25.368, -20.858, 34.55
25.428, -20.778, 34.18
25.488, -20.698, 33.807
25.549, -20.619, 33.429
25.609, -20.539, 33.047
25.67, -20.46, 32.66
25.732, -20.381, 32.269
25.793, -20.302, 31.873
25.855, -20.223, 31.472
25.917, -20.145, 31.066
25.979, -20.067, 30.654
26.042, -19.989, 30.237
26.105, -19.912, 29.814
26.169, -19.834, 29.385
26.233, -19.757, 28.95
26.297, -19.681, 28.508
26.361, -19.604, 28.059
26.427, -19.528, 27.602
26.492, -19.453, 27.138
26.558, -19.378, 26.666
26.625, -19.303, 26.186
26.692, -19.229, 25.696
26.76, -19.156, 25.197
26.828, -19.083, 24.688
26.898, -19.011, 24.168
26.968, -18.939, 23.636
27.039, -18.869, 23.093
27.11, -18.799, 22.536
27.183, -18.731, 21.965
27.257, -18.664, 21.379
27.333, -18.598, 20.777
27.409, -18.534, 20.156
27.488, -18.471, 20
27.568, -18.412, 20
27.65, -18.355, 20
27.734, -18.301, 20
27.822, -18.253, 20
27.912, -18.21, 20
28.006, -18.176, 20
28.103, -18.153, 20
28.203, -18.147, 20
28.301, -18.164, 20
28.392, -18.206, 20
28.468, -18.269, 20
28.53, -18.348, 20
28.578, -18.436, 20
28.615, -18.529, 20
28.644, -18.624, 20
28.667, -18.722, 20
28.685, -18.82, 20
28.699, -18.919, 20
28.709, -19.019, 20
28.717, -19.118, 23.112
28.722, -19.218, 29.173
28.725, -19.318, 34.277
28.726, -19.418, 38.598
28.726, -19.518, 42.275
28.724, -19.618, 44.678
28.721, -19.718, 47.484
28.716, -19.818, 49.332
28.711, -19.918, 51.506
28.704, -20.018, 52.947
28.697, -20.117, 54.248
28.689, -20.217, 55.425
28.68, -20.317, 56.493
28.671, -20.416, 57.463
28.66, -20.516, 58.346
28.65, -20.615, 59.153
28.638, -20.714, 59.89
28.627, -20.814, 60.565
28.614, -20.913, 60.984
28.602, -21.012, 61.57
28.588, -21.111, 62.109
28.575, -21.21, 62.445
28.561, -21.309, 62.917
28.546, -21.408, 63.211
28.532, -21.507, 63.625
28.517, -21.606, 63.884
28.501, -21.705, 64.249
28.486, -21.804, 64.478
28.47, -21.902, 64.697
28.454, -22.001, 65.005
28.437, -22.1, 65.199
28.421, -22.198, 65.384
28.404, -22.297, 65.647
28.387, -22.395, 65.812
28.369, -22.494, 65.97
28.352, -22.592, 66.122
28.334, -22.691, 66.337
28.316, -22.789, 66.474
28.298, -22.887, 66.604
28.28, -22.986, 66.73
28.261, -23.084, 66.85
28.243, -23.182, 66.966
28.224, -23.281, 67.077
28.205, -23.379, 67.236
28.186, -23.477, 67.337
28.167, -23.575, 67.434
28.148, -23.673, 67.528
28.128, -23.771, 67.618
28.109, -23.869, 67.705
28.089, -23.967, 67.789
28.069, -24.065, 67.87
28.05, -24.163, 67.948
28.03, -24.261, 68.024
28.01, -24.359, 68.097
27.989, -24.457, 68.133
27.969, -24.555, 68.202
27.949, -24.653, 68.269
27.928, -24.751, 68.334
27.908, -24.849, 68.397
27.887, -24.947, 68.458
27.867, -25.045, 68.518
27.846, -25.143, 68.575
27.825, -25.24, 68.631
27.804, -25.338, 68.658
27.783, -25.436, 68.711
27.762, -25.534, 68.763
27.741, -25.631, 68.813
27.72, -25.729, 68.862
27.699, -25.827, 68.91
27.678, -25.925, 68.933
27.656, -26.022, 68.979
27.635, -26.12, 69.023
27.613, -26.218, 69.067
27.592, -26.315, 69.088
27.57, -26.413, 69.13
27.549, -26.511, 69.17
27.527, -26.608, 69.21
27.506, -26.706, 69.249
27.484, -26.804, 69.268
27.462, -26.901, 69.305
27.441, -26.999, 69.342
27.419, -27.096, 69.36
27.397, -27.194, 69.395
27.375, -27.292, 69.43
27.353, -27.389, 69.464
27.332, -27.487, 69.48
27.31, -27.584, 69.513
27.288, -27.682, 69.545
27.266, -27.779, 69.561
27.244, -27.877, 69.592
27.222, -27.975, 69.623
27.2, -28.072, 69.638
27.178, -28.17, 69.668
27.156, -28.267, 69.698
27.134, -28.365, 69.712
27.111, -28.462, 69.741
27.089, -28.56, 69.769
27.067, -28.657, 69.783
27.045, -28.755, 69.81
27.023, -28.852, 69.837
27.001, -28.95, 69.851
26.979, -29.047, 69.877
26.957, -29.145, 69.89
26.934, -29.242, 69.916
26.912, -29.34, 69.942
26.89, -29.437, 69.954
26.868, -29.535, 69.98
26.846, -29.632, 69.996
26.824, -29.73, 69.983
26.801, -29.827, 69.959
26.779, -29.925, 69.947
26.757, -30.022, 69.923
26.735, -30.12, 69.899
26.713, -30.218, 69.887
26.691, -30.315, 69.863
26.668, -30.413, 69.852
26.646, -30.51, 69.829
26.624, -30.608, 69.806
26.602, -30.705, 69.794
26.58, -30.803, 69.771
26.558, -30.9, 69.76
26.536, -30.998, 69.737
26.514, -31.095, 69.726
26.492, -31.193, 69.704
26.47, -31.29, 69.681
26.448, -31.388, 69.67
26.426, -31.485, 69.648
26.404, -31.583, 69.637
26.382, -31.68, 69.615
26.36, -31.778, 69.604
26.338, -31.876, 69.582
26.316, -31.973, 69.56
26.294, -32.071, 69.549
26.272, -32.168, 69.527
26.25, -32.266, 69.516
26.228, -32.363, 69.495
26.206, -32.461, 69.484
26.185, -32.559, 69.462
26.163, -32.656, 69.451
26.141, -32.754, 69.429
26.119, -32.852, 69.407
26.098, -32.949, 69.396
26.076, -33.047, 69.374
26.055, -33.144, 69.363
26.033, -33.242, 69.341
26.011, -33.34, 69.224
25.99, -33.437, 69.04
25.968, -33.535, 68.856
25.947, -33.633, 68.672
25.926, -33.73, 68.486
25.904, -33.828, 68.301
25.883, -33.926, 68.114
25.862, -34.023, 67.928
25.84, -34.121, 67.741
25.819, -34.219, 67.553
25.798, -34.317, 67.365
25.777, -34.414, 67.176
25.756, -34.512, 66.986
25.735, -34.61, 66.797
25.714, -34.708, 66.606
25.693, -34.805, 66.415
25.672, -34.903, 66.224
25.651, -35.001, 66.032
25.63, -35.099, 65.839
25.609, -35.197, 65.646
25.589, -35.294, 65.452
25.568, -35.392, 65.258
25.547, -35.49, 65.063
25.527, -35.588, 64.867
25.506, -35.686, 64.671
25.486, -35.784, 64.475
25.465, -35.882, 64.277
25.445, -35.98, 64.08
25.425, -36.078, 63.881
25.404, -36.175, 63.682
25.384, -36.273, 63.482
25.364, -36.371, 63.282
25.344, -36.469, 63.081
25.324, -36.567, 62.879
25.304, -36.665, 62.677
25.284, -36.763, 62.474
25.265, -36.861, 62.27
25.245, -36.959, 62.066
25.225, -37.057, 61.861
25.206, -37.155, 61.655
25.186, -37.254, 61.449
25.167, -37.352, 61.242
25.147, -37.45, 61.034
25.128, -37.548, 60.826
25.109, -37.646, 60.617
25.09, -37.744, 60.407
25.071, -37.842, 60.196
25.052, -37.941, 59.985
25.033, -38.039, 59.773
25.014, -38.137, 59.56
24.995, -38.235, 59.346
24.977, -38.333, 59.132
24.958, -38.432, 58.917
24.94, -38.53, 58.701
24.921, -38.628, 58.484
24.903, -38.727, 58.266
24.885, -38.825, 58.048
24.866, -38.923, 57.829
24.848, -39.022, 57.609
24.831, -39.12, 57.388
24.813, -39.218, 57.166
24.795, -39.317, 56.944
24.777, -39.415, 56.72
24.76, -39.514, 56.496
24.742, -39.612, 56.271
24.725, -39.711, 56.044
24.708, -39.809, 55.817
24.691, -39.908, 55.589
24.674, -40.006, 55.36
24.657, -40.105, 55.131
24.64, -40.203, 54.9
24.623, -40.302, 54.668
24.607, -40.401, 54.435
24.591, -40.499, 54.201
24.574, -40.598, 53.967
24.558, -40.697, 53.731
24.542, -40.795, 53.494
24.526, -40.894, 53.256
24.51, -40.993, 53.017
24.495, -41.092, 52.777
24.479, -41.19, 52.536
24.464, -41.289, 52.293
24.449, -41.388, 52.05
24.434, -41.487, 51.805
24.419, -41.586, 51.56
24.404, -41.685, 51.313
24.389, -41.784, 51.065
24.375, -41.882, 50.815
24.36, -41.981, 50.565
24.346, -42.08, 50.313
24.332, -42.179, 50.06
24.318, -42.278, 49.805
24.305, -42.378, 49.55
24.291, -42.477, 49.293
24.278, -42.576, 49.035
24.265, -42.675, 48.775
24.252, -42.774, 48.514
24.239, -42.873, 48.251
24.226, -42.972, 47.987
24.214, -43.072, 47.722
24.202, -43.171, 47.455
24.19, -43.27, 47.187
24.178, -43.369, 46.917
24.166, -43.469, 46.645
24.155, -43.568, 46.372
24.143, -43.667, 46.098
24.133, -43.767, 45.821
24.122, -43.866, 45.543
24.111, -43.966, 45.263
24.101, -44.065, 44.982
24.091, -44.165, 44.699
24.081, -44.264, 44.414
24.072, -44.364, 44.127
24.062, -44.463, 43.838
24.053, -44.563, 43.547
24.044, -44.663, 43.255
24.036, -44.762, 42.96
24.028, -44.862, 42.664
24.02, -44.962, 42.365
24.012, -45.061, 42.064
24.005, -45.161, 41.761
23.998, -45.261, 41.456
23.991, -45.36, 41.148
23.985, -45.46, 40.839
23.979, -45.56, 40.526
23.973, -45.66, 40.212
23.967, -45.76, 39.895
23.962, -45.86, 39.575
23.958, -45.96, 39.253
23.953, -46.059, 38.928
23.95, -46.159, 38.6
23.946, -46.259, 38.27
23.943, -46.359, 37.937
23.94, -46.459, 37.6
23.938, -46.559, 37.261
23.936, -46.659, 36.919
23.935, -46.759, 36.573
23.934, -46.859, 36.224
23.934, -46.959, 35.872
23.934, -47.059, 35.516
23.934, -47.159, 35.157
23.935, -47.259, 34.793
23.937, -47.359, 34.427
23.939, -47.459, 34.056
23.94, -47.559, 33.681
23.94, -47.659, 33.301
23.939, -47.759, 32.918
23.938, -47.859, 32.53
23.935, -47.959, 32.137
23.931, -48.059, 31.739
23.927, -48.159, 31.337
23.921, -48.259, 30.929
23.914, -48.359, 30.515
23.906, -48.458, 30.096
23.897, -48.558, 29.671
23.887, -48.657, 29.24
23.875, -48.757, 28.803
23.862, -48.856, 28.358
23.848, -48.955, 27.907
23.832, -49.053, 27.448
23.815, -49.152, 26.981
23.796, -49.25, 26.506
23.775, -49.348, 26.023
23.753, -49.446, 25.53
23.73, -49.543, 25.028
23.704, -49.639, 24.515
23.677, -49.736, 23.991
23.648, -49.831, 23.456
23.616, -49.926, 22.908
23.583, -50.021, 22.347
23.548, -50.114, 21.771
23.51, -50.207, 21.18
23.471, -50.299, 20.572
23.429, -50.389, 20
23.384, -50.479, 20
23.338, -50.567, 20
23.289, -50.655, 20
23.237, -50.74, 20
23.183, -50.824, 20
23.127, -50.907, 20
23.068, -50.988, 20
23.006, -51.067, 20
22.942, -51.144, 20
22.876, -51.218, 20
22.807, -51.291, 20
22.736, -51.361, 20
22.663, -51.429, 20
22.587, -51.495, 20
22.51, -51.558, 20
22.43, -51.618, 20
22.349, -51.676, 20
22.265, -51.731, 20
22.18, -51.784, 20
22.094, -51.834, 20
22.006, -51.882, 20
21.916, -51.927, 20
21.826, -51.969, 20
21.734, -52.009, 20
21.641, -52.046, 20.102
21.548, -52.081, 21.96
21.453, -52.114, 23.832
21.358, -52.145, 25.702
21.262, -52.173, 27.559
21.166, -52.199, 28.936
21.069, -52.224, 30.745
20.971, -52.246, 32.516
20.873, -52.267, 33.815
20.775, -52.285, 35.505
20.677, -52.302, 37.142
20.578, -52.317, 38.334
20.479, -52.331, 39.873
20.379, -52.343, 40.99
20.28, -52.354, 42.428
20.18, -52.363, 43.468
20.081, -52.371, 44.804
19.981, -52.378, 45.768
19.881, -52.383, 47.004
19.781, -52.387, 47.896
19.681, -52.39, 49.037
19.581, -52.392, 49.859
19.481, -52.393, 50.652
19.381, -52.393, 51.418
19.281, -52.392, 52.398
19.181, -52.39, 53.102
19.081, -52.388, 53.783
18.981, -52.384, 54.439
18.881, -52.38, 55.072
18.782, -52.375, 55.883
18.682, -52.369, 56.467
18.582, -52.362, 57.03
18.482, -52.355, 57.575
18.383, -52.347, 58.101
18.283, -52.339, 58.609
18.183, -52.33, 59.101
18.084, -52.32, 59.577
17.984, -52.31, 60.037
17.885, -52.3, 60.264
17.785, -52.289, 60.053
17.686, -52.277, 59.841
17.587, -52.265, 59.628
17.488, -52.253, 59.415
17.388, -52.24, 59.201
17.289, -52.227, 58.986
17.19, -52.213, 58.77
17.091, -52.199, 58.554
16.992, -52.185, 58.336
16.893, -52.171, 58.118
16.794, -52.156, 57.899
16.696, -52.141, 57.68
16.597, -52.125, 57.459
16.498, -52.11, 57.238
16.399, -52.094, 57.015
16.3, -52.078, 56.792
16.202, -52.062, 56.568
16.103, -52.045, 56.343
16.005, -52.028, 56.117
15.906, -52.012, 55.89
15.807, -51.995, 55.663
15.709, -51.978, 55.434
15.61, -51.96, 55.205
15.512, -51.943, 54.974
15.413, -51.926, 54.743
15.315, -51.908, 54.51
15.217, -51.891, 54.277
15.118, -51.873, 54.042
15.02, -51.855, 53.807
14.921, -51.837, 53.57
14.823, -51.82, 53.332
14.724, -51.802, 53.094
14.626, -51.784, 52.854
14.528, -51.766, 52.613
14.429, -51.748, 52.371
14.331, -51.731, 52.128
14.232, -51.713, 51.884
14.134, -51.695, 51.639
14.036, -51.677, 51.392
13.937, -51.66, 51.144
13.839, -51.642, 50.895
13.74, -51.625, 50.645
13.642, -51.607, 50.394
13.543, -51.59, 50.141
13.445, -51.573, 49.887
13.346, -51.556, 49.632
13.248, -51.539, 49.376
13.149, -51.523, 49.118
13.05, -51.506, 48.858
12.952, -51.49, 48.598
12.853, -51.474, 48.336
12.754, -51.458, 48.072
12.656, -51.442, 47.807
12.557, -51.426, 47.541
12.458, -51.411, 47.273
12.359, -51.396, 47.004
12.26, -51.381, 46.733
12.161, -51.367, 46.46
12.062, -51.353, 46.186
11.963, -51.339, 45.91
11.864, -51.325, 45.633
11.765, -51.312, 45.354
11.666, -51.299, 45.073
11.567, -51.287, 44.79
11.467, -51.275, 44.506
11.368, -51.263, 44.219
11.269, -51.251, 43.931
11.169, -51.241, 43.641
11.07, -51.23, 43.349
10.97, -51.22, 43.055
10.871, -51.21, 42.759
10.771, -51.201, 42.461
10.672, -51.193, 42.161
10.572, -51.185, 41.859
10.472, -51.178, 41.554
10.372, -51.171, 41.247
10.273, -51.164, 40.938
10.173, -51.159, 40.627
10.073, -51.154, 40.313
9.973, -51.15, 39.997
9.873, -51.146, 39.678
9.773, -51.143, 39.357
9.673, -51.141, 39.033
9.573, -51.139, 38.706
9.473, -51.139, 38.376
9.373, -51.139, 38.044
9.273, -51.14, 37.709
9.173, -51.142, 37.37
9.073, -51.145, 37.029
8.973, -51.149, 36.684
8.873, -51.154, 36.337
8.774, -51.159, 35.985
8.674, -51.166, 35.631
8.574, -51.174, 35.272
8.475, -51.183, 34.911
8.375, -51.193, 34.545
8.276, -51.205, 34.175
8.177, -51.217, 33.802
8.078, -51.231, 33.424
7.979, -51.247, 33.042
7.88, -51.263, 32.655
7.782, -51.281, 32.264
7.684, -51.301, 31.868
7.586, -51.322, 31.467
7.488, -51.344, 31.06
7.391, -51.368, 30.649
7.295, -51.394, 30.232
7.198, -51.421, 29.809
7.103, -51.45, 29.379
7.008, -51.481, 28.944
6.913, -51.513, 28.502
6.819, -51.548, 28.053
6.726, -51.584, 27.596
6.633, -51.622, 27.132
6.542, -51.662, 26.66
6.451, -51.704, 26.179
6.361, -51.747, 25.69
6.272, -51.793, 25.19
6.184, -51.841, 24.681
6.098, -51.891, 24.161
6.012, -51.943, 23.63
5.928, -51.996, 23.086
5.845, -52.052, 22.711
5.763, -52.11, 22.311
5.683, -52.17, 22.089
5.604, -52.231, 21.902
5.527, -52.295, 21.845
5.451, -52.36, 21.882
5.377, -52.427, 21.995
5.305, -52.496, 22.259
5.234, -52.567, 22.54
5.165, -52.64, 22.892
5.098, -52.714, 23.465
5.033, -52.789, 23.971
4.969, -52.867, 24.538
4.907, -52.945, 25.384
4.847, -53.025, 26.081
4.789, -53.107, 26.826
4.733, -53.189, 27.616
4.678, -53.273, 28.73
4.625, -53.358, 28.841
4.574, -53.444, 28.397
4.525, -53.531, 27.946
4.477, -53.619, 27.488
4.432, -53.708, 27.022
4.387, -53.797, 26.548
4.345, -53.888, 26.065
4.304, -53.979, 25.573
4.264, -54.071, 25.072
4.227, -54.163, 24.56
4.19, -54.257, 24.037
4.155, -54.35, 23.503
4.122, -54.445, 22.956
4.09, -54.539, 22.396
4.059, -54.635, 21.822
4.03, -54.73, 21.232
4.002, -54.826, 20.625
3.976, -54.923, 20
3.962, -54.974, 0
3.962, -54.974, 0
-1.18, -74.301, 0
endData
127
70
200
-23.607, -23.607, -23.607, -47.38, -23.36, -35.493, -23.277, -47.215
-23.277, -47.215, -21.247, -53.735, -16.77, -53.99, -0.096, -53.99
-0.096, -53.99, 7.993, -44.249, 11.721, -41.189, 23.442, -23.607
23.442, -23.607, 35.163, -6.026, 23.69, -35.493, 23.937, -47.38
23.937, -47.38, 24.185, -59.266, 6.603, -44.903, 3.962, -54.974
#PATH.JERRYIO-DATA {"appVersion":"0.8.3","format":"LemLib v0.5","gc":{"robotWidth":15,"robotHeight":15,"robotIsHolonomic":false,"showRobot":true,"uol":2.54,"pointDensity":0.1,"controlMagnetDistance":1.968503937007874,"fieldImage":{"displayName":"V5RC 2025 - High Stakes (Skills)","signature":"V5RC 2025 - High Stakes (Skills)","origin":{"__type":"built-in"}},"coordinateSystem":"VEX Gaming Positioning System"},"paths":[{"segments":[{"controls":[{"uid":"DFOWuBDqVU","x":-23.60728346456693,"y":-23.60728346456693,"lock":false,"visible":true,"heading":180,"__type":"end-point"},{"uid":"hXlHnB1G15","x":-23.60728346456693,"y":-47.379652827487476,"lock":false,"visible":true,"__type":"control"},{"uid":"lYLFtw7ZSP","x":-23.359654617036508,"y":-35.493468146027205,"lock":false,"visible":true,"__type":"control"},{"uid":"gioK2YbAeU","x":-23.2771116678597,"y":-47.21456692913386,"lock":false,"visible":true,"heading":0,"__type":"end-point"}],"speedProfiles":[],"lookaheadKeyframes":[],"uid":"mbdAIf8spW"},{"controls":[{"uid":"gioK2YbAeU","x":-23.2771116678597,"y":-47.21456692913386,"lock":false,"visible":true,"heading":0,"__type":"end-point"},{"uid":"NwqaG3HTU6","x":-21.246555118110244,"y":-53.73545991410165,"lock":false,"visible":true,"__type":"control"},{"uid":"3onmuPxBy5","x":-16.76960898353616,"y":-53.98950876879026,"lock":false,"visible":true,"__type":"control"},{"uid":"h3DHFrS6NY","x":-0.0959332498210496,"y":-53.98950876879026,"lock":false,"visible":true,"heading":0,"__type":"end-point"}],"speedProfiles":[],"lookaheadKeyframes":[],"uid":"LfdcgX7waT"},{"controls":[{"uid":"h3DHFrS6NY","x":-0.0959332498210496,"y":-53.98950876879026,"lock":false,"visible":true,"heading":0,"__type":"end-point"},{"uid":"o4HriUJkc9","x":7.993275769506081,"y":-44.24944076592698,"lock":false,"visible":true,"__type":"control"},{"uid":"r7yB1lBcqH","x":11.721098783106658,"y":-41.188931639226915,"lock":false,"visible":true,"__type":"control"},{"uid":"ZncxgR0JVp","x":23.442197566213316,"y":-23.60728346456693,"lock":false,"visible":true,"heading":0,"__type":"end-point"}],"speedProfiles":[],"lookaheadKeyframes":[],"uid":"7uWTz7kA6Y"},{"controls":[{"uid":"ZncxgR0JVp","x":23.442197566213316,"y":-23.60728346456693,"lock":false,"visible":true,"heading":0,"__type":"end-point"},{"uid":"sFRlk9Z6Bi","x":35.16329634931998,"y":-6.025635289906944,"lock":false,"visible":true,"__type":"control"},{"uid":"StwiRSH1ZB","x":23.689826413743738,"y":-35.493468146027205,"lock":false,"visible":true,"__type":"control"},{"uid":"484SYRZsZk","x":23.93745526127416,"y":-47.379652827487476,"lock":false,"visible":true,"heading":0,"__type":"end-point"}],"speedProfiles":[],"lookaheadKeyframes":[],"uid":"eiRcXKSt5w"},{"controls":[{"uid":"484SYRZsZk","x":23.93745526127416,"y":-47.379652827487476,"lock":false,"visible":true,"heading":0,"__type":"end-point"},{"uid":"FyZ2WcLdfZ","x":24.18508410880458,"y":-59.26583750894775,"lock":false,"visible":true,"__type":"control"},{"uid":"JnYSKrR50o","x":6.603435934144597,"y":-44.90336435218325,"lock":false,"visible":true,"__type":"control"},{"uid":"FbGsXp0S4b","x":3.9620615604867577,"y":-54.97360415175376,"lock":false,"visible":true,"heading":0,"__type":"end-point"}],"speedProfiles":[],"lookaheadKeyframes":[],"uid":"OukVna4Ldu"}],"pc":{"speedLimit":{"minLimit":{"value":0,"label":"0"},"maxLimit":{"value":127,"label":"127"},"step":1,"from":20,"to":70},"bentRateApplicableRange":{"minLimit":{"value":0,"label":"0"},"maxLimit":{"value":1,"label":"1"},"step":0.001,"from":0,"to":0.1},"maxDecelerationRate":127},"name":"Path","uid":"1CyMUvYUBW","lock":false,"visible":true}]}