58.594, -35.673, 99.38
58.495, -35.675, 99.38
58.395, -35.678, 99.38
58.295, -35.68, 99.375
58.195, -35.682, 99.375
58.095, -35.685, 99.37
57.995, -35.687, 99.37
57.895, -35.689, 99.365
57.795, -35.692, 99.365
57.695, -35.694, 99.365
57.595, -35.696, 99.359
57.495, -35.699, 99.359
57.395, -35.701, 99.354
57.295, -35.704, 99.354
57.195, -35.706, 99.349
57.095, -35.709, 99.349
56.995, -35.711, 99.343
56.895, -35.714, 99.343
56.795, -35.716, 99.343
56.695, -35.719, 99.338
56.595, -35.721, 99.338
56.495, -35.724, 99.332
56.395, -35.727, 99.332
56.295, -35.729, 99.327
56.195, -35.732, 99.327
56.095, -35.735, 99.321
55.995, -35.737, 99.321
55.895, -35.74, 99.321
55.795, -35.743, 99.315
55.695, -35.746, 99.315
55.595, -35.748, 99.309
55.495, -35.751, 99.309
55.396, -35.754, 99.304
55.296, -35.757, 99.304
55.196, -35.76, 99.298
55.096, -35.763, 99.298
54.996, -35.766, 99.292
54.896, -35.769, 99.292
54.796, -35.772, 99.286
54.696, -35.775, 99.286
54.596, -35.778, 99.286
54.496, -35.781, 99.28
54.396, -35.784, 99.28
54.296, -35.787, 99.273
54.196, -35.79, 99.273
54.096, -35.793, 99.267
53.996, -35.797, 99.267
53.896, -35.8, 99.261
53.796, -35.803, 99.261
53.696, -35.806, 99.255
53.596, -35.809, 99.255
53.496, -35.813, 99.248
53.396, -35.816, 99.248
53.297, -35.819, 99.242
53.197, -35.823, 99.242
53.097, -35.826, 99.235
52.997, -35.83, 99.235
52.897, -35.833, 99.235
52.797, -35.836, 99.229
52.697, -35.84, 99.229
52.597, -35.843, 99.222
52.497, -35.847, 99.222
52.397, -35.85, 99.215
52.297, -35.854, 99.215
52.197, -35.858, 99.208
52.097, -35.861, 99.208
51.997, -35.865, 99.201
51.897, -35.869, 99.201
51.797, -35.872, 99.195
51.698, -35.876, 99.195
51.598, -35.88, 99.187
51.498, -35.884, 99.187
51.398, -35.887, 99.18
51.298, -35.891, 99.18
51.198, -35.895, 99.173
51.098, -35.899, 99.173
50.998, -35.903, 99.166
50.898, -35.907, 99.166
50.798, -35.911, 99.159
50.698, -35.915, 99.159
50.598, -35.919, 99.151
50.498, -35.923, 99.151
50.399, -35.927, 99.144
50.299, -35.931, 99.144
50.199, -35.935, 99.136
50.099, -35.939, 99.136
49.999, -35.943, 99.128
49.899, -35.948, 99.128
49.799, -35.952, 99.121
49.699, -35.956, 99.121
49.599, -35.96, 99.113
49.499, -35.965, 99.113
49.399, -35.969, 99.105
49.3, -35.973, 99.105
49.2, -35.978, 99.097
49.1, -35.982, 99.097
49, -35.987, 99.089
48.9, -35.991, 99.089
48.8, -35.996, 99.081
48.7, -36, 99.081
48.6, -36.005, 99.073
48.5, -36.009, 98.985
48.4, -36.014, 98.856
48.301, -36.019, 98.728
48.201, -36.023, 98.599
48.101, -36.028, 98.47
48.001, -36.033, 98.341
47.901, -36.038, 98.212
47.801, -36.043, 98.083
47.701, -36.047, 97.953
47.601, -36.052, 97.823
47.501, -36.057, 97.693
47.402, -36.062, 97.563
47.302, -36.067, 97.433
47.202, -36.072, 97.303
47.102, -36.077, 97.172
47.002, -36.082, 97.041
46.902, -36.087, 96.91
46.802, -36.092, 96.779
46.702, -36.098, 96.648
46.603, -36.103, 96.516
46.503, -36.108, 96.385
46.403, -36.113, 96.253
46.303, -36.118, 96.121
46.203, -36.124, 95.988
46.103, -36.129, 95.856
46.003, -36.135, 95.723
45.904, -36.14, 95.591
45.804, -36.145, 95.458
45.704, -36.151, 95.325
45.604, -36.156, 95.191
45.504, -36.162, 95.058
45.404, -36.168, 94.924
45.305, -36.173, 94.79
45.205, -36.179, 94.656
45.105, -36.184, 94.522
45.005, -36.19, 94.387
44.905, -36.196, 94.253
44.805, -36.202, 94.118
44.706, -36.208, 93.983
44.606, -36.213, 93.848
44.506, -36.219, 93.712
44.406, -36.225, 93.577
44.306, -36.231, 93.441
44.206, -36.237, 93.305
44.107, -36.243, 93.169
44.007, -36.249, 93.032
43.907, -36.255, 92.896
43.807, -36.262, 92.759
43.707, -36.268, 92.622
43.608, -36.274, 92.485
43.508, -36.28, 92.347
43.408, -36.287, 92.209
43.308, -36.293, 92.072
43.208, -36.299, 91.934
43.109, -36.306, 91.795
43.009, -36.312, 91.657
42.909, -36.319, 91.518
42.809, -36.325, 91.379
42.709, -36.332, 91.24
42.61, -36.338, 91.101
42.51, -36.345, 90.961
42.41, -36.352, 90.822
42.31, -36.358, 90.682
42.211, -36.365, 90.542
42.111, -36.372, 90.401
42.011, -36.379, 90.261
41.911, -36.386, 90.12
41.811, -36.393, 89.979
41.712, -36.4, 89.838
41.612, -36.407, 89.696
41.512, -36.414, 89.554
41.412, -36.421, 89.412
41.313, -36.428, 89.27
41.213, -36.435, 89.128
41.113, -36.442, 88.985
41.013, -36.45, 88.842
40.914, -36.457, 88.699
40.814, -36.464, 88.556
40.714, -36.472, 88.413
40.615, -36.479, 88.269
40.515, -36.487, 88.125
40.415, -36.494, 87.981
40.315, -36.502, 87.836
40.216, -36.509, 87.691
40.116, -36.517, 87.546
40.016, -36.525, 87.401
39.917, -36.533, 87.256
39.817, -36.54, 87.11
39.717, -36.548, 86.964
39.618, -36.556, 86.818
39.518, -36.564, 86.672
39.418, -36.572, 86.525
39.319, -36.58, 86.378
39.219, -36.588, 86.231
39.119, -36.596, 86.084
39.02, -36.605, 85.936
38.92, -36.613, 85.788
38.82, -36.621, 85.64
38.721, -36.63, 85.491
38.621, -36.638, 85.343
38.521, -36.646, 85.194
38.422, -36.655, 85.045
38.322, -36.663, 84.895
38.222, -36.672, 84.745
38.123, -36.681, 84.595
38.023, -36.689, 84.445
37.923, -36.698, 84.295
37.824, -36.707, 84.144
37.724, -36.716, 83.993
37.625, -36.725, 83.841
37.525, -36.734, 83.69
37.425, -36.743, 83.538
37.326, -36.752, 83.386
37.226, -36.761, 83.233
37.127, -36.77, 83.081
37.027, -36.779, 82.928
36.928, -36.789, 82.774
36.828, -36.798, 82.621
36.728, -36.807, 82.467
36.629, -36.817, 82.313
36.529, -36.826, 82.158
36.43, -36.836, 82.004
36.33, -36.846, 81.849
36.231, -36.855, 81.693
36.131, -36.865, 81.538
36.032, -36.875, 81.382
35.932, -36.885, 81.226
35.833, -36.895, 81.069
35.733, -36.905, 80.912
35.634, -36.915, 80.755
35.534, -36.925, 80.598
35.435, -36.935, 80.44
35.335, -36.945, 80.282
35.236, -36.956, 80.124
35.136, -36.966, 79.965
35.037, -36.977, 79.806
34.937, -36.987, 79.647
34.838, -36.998, 79.487
34.739, -37.008, 79.327
34.639, -37.019, 79.167
34.54, -37.03, 79.006
34.44, -37.041, 78.845
34.341, -37.052, 78.684
34.242, -37.063, 78.523
34.142, -37.074, 78.361
34.043, -37.085, 78.198
33.943, -37.096, 78.036
33.844, -37.107, 77.873
33.745, -37.118, 77.71
33.645, -37.13, 77.546
33.546, -37.141, 77.382
33.447, -37.153, 77.218
33.347, -37.165, 77.053
33.248, -37.176, 76.888
33.149, -37.188, 76.723
33.049, -37.2, 76.557
32.95, -37.212, 76.391
32.851, -37.224, 76.225
32.752, -37.236, 76.058
32.652, -37.248, 75.891
32.553, -37.26, 75.723
32.454, -37.273, 75.555
32.355, -37.285, 75.387
32.255, -37.297, 75.218
32.156, -37.31, 75.049
32.057, -37.323, 74.88
31.958, -37.335, 74.71
31.859, -37.348, 74.54
31.759, -37.361, 74.369
31.66, -37.374, 74.198
31.561, -37.387, 74.027
31.462, -37.4, 73.855
31.363, -37.414, 73.683
31.264, -37.427, 73.51
31.165, -37.44, 73.337
31.066, -37.454, 73.164
30.967, -37.467, 72.99
30.868, -37.481, 72.816
30.768, -37.495, 72.641
30.669, -37.509, 72.466
30.57, -37.523, 72.291
30.471, -37.537, 72.115
30.372, -37.551, 71.939
30.273, -37.565, 71.762
30.174, -37.58, 71.585
30.076, -37.594, 71.407
29.977, -37.609, 71.229
29.878, -37.623, 71.051
29.779, -37.638, 70.872
29.68, -37.653, 70.692
29.581, -37.668, 70.512
29.482, -37.683, 70.332
29.383, -37.698, 70.151
29.285, -37.713, 69.97
29.186, -37.729, 69.788
29.087, -37.744, 69.606
28.988, -37.76, 69.423
28.889, -37.776, 69.24
28.791, -37.792, 69.056
28.692, -37.808, 68.872
28.593, -37.824, 68.688
28.495, -37.84, 68.502
28.396, -37.856, 68.317
28.297, -37.873, 68.131
28.199, -37.889, 67.944
28.1, -37.906, 67.757
28.001, -37.923, 67.569
27.903, -37.939, 67.381
27.804, -37.957, 67.192
27.706, -37.974, 67.003
27.607, -37.991, 66.813
27.509, -38.008, 66.623
27.41, -38.026, 66.432
27.312, -38.044, 66.24
27.214, -38.062, 66.048
27.115, -38.08, 65.856
27.017, -38.098, 65.663
26.919, -38.116, 65.469
26.82, -38.134, 65.275
26.722, -38.153, 65.08
26.624, -38.172, 64.884
26.526, -38.19, 64.688
26.427, -38.209, 64.492
26.329, -38.229, 64.295
26.231, -38.248, 64.097
26.133, -38.267, 63.898
26.035, -38.287, 63.699
25.937, -38.307, 63.499
25.839, -38.327, 63.299
25.741, -38.347, 63.098
25.643, -38.367, 62.897
25.545, -38.387, 62.694
25.447, -38.408, 62.491
25.35, -38.429, 62.288
25.252, -38.45, 62.084
25.154, -38.471, 61.879
25.056, -38.492, 61.673
24.959, -38.514, 61.467
24.861, -38.535, 61.26
24.763, -38.557, 61.052
24.666, -38.579, 60.844
24.568, -38.601, 60.635
24.471, -38.624, 60.425
24.374, -38.646, 60.214
24.276, -38.669, 60.003
24.179, -38.692, 59.791
24.082, -38.716, 59.578
23.984, -38.739, 59.365
23.887, -38.763, 59.151
23.79, -38.787, 58.935
23.693, -38.811, 58.72
23.596, -38.835, 58.503
23.499, -38.86, 58.285
23.402, -38.884, 58.067
23.305, -38.909, 57.848
23.209, -38.935, 57.628
23.112, -38.96, 57.407
23.015, -38.986, 57.186
22.919, -39.012, 56.963
22.822, -39.038, 56.74
22.726, -39.065, 56.515
22.63, -39.092, 56.29
22.533, -39.119, 56.064
22.437, -39.146, 55.837
22.341, -39.174, 55.609
22.245, -39.201, 55.38
22.149, -39.23, 55.151
22.053, -39.258, 54.92
21.957, -39.287, 54.688
21.862, -39.316, 54.455
21.766, -39.345, 54.222
21.671, -39.375, 53.987
21.575, -39.405, 53.751
21.48, -39.435, 53.514
21.385, -39.466, 53.276
21.29, -39.497, 53.038
21.195, -39.529, 52.798
21.1, -39.56, 52.556
21.005, -39.592, 52.314
20.911, -39.625, 52.071
20.816, -39.658, 51.826
20.722, -39.691, 51.581
20.628, -39.724, 51.334
20.534, -39.759, 51.086
20.44, -39.793, 50.837
20.346, -39.828, 50.586
20.252, -39.863, 50.335
20.159, -39.899, 50.082
20.066, -39.935, 49.828
19.973, -39.972, 49.572
19.88, -40.009, 49.315
19.787, -40.046, 49.057
19.695, -40.084, 48.797
19.602, -40.123, 48.536
19.51, -40.162, 48.274
19.419, -40.201, 48.01
19.327, -40.241, 47.745
19.236, -40.282, 47.478
19.144, -40.323, 47.21
19.054, -40.365, 46.94
18.963, -40.407, 46.669
18.873, -40.45, 46.396
18.783, -40.494, 46.121
18.693, -40.538, 45.845
18.604, -40.583, 45.567
18.515, -40.628, 45.288
18.426, -40.675, 45.007
18.337, -40.721, 44.723
18.25, -40.769, 44.439
18.162, -40.817, 44.152
18.075, -40.866, 43.863
17.988, -40.916, 43.573
17.902, -40.967, 43.28
17.816, -41.018, 42.986
17.731, -41.07, 42.689
17.646, -41.124, 42.391
17.562, -41.177, 42.09
17.478, -41.232, 41.787
17.395, -41.288, 41.482
17.313, -41.345, 41.175
17.231, -41.402, 40.865
17.15, -41.461, 40.554
17.07, -41.52, 40.239
16.99, -41.581, 39.922
16.911, -41.643, 39.603
16.833, -41.705, 39.281
16.756, -41.769, 38.956
16.68, -41.834, 38.629
16.605, -41.9, 38.299
16.531, -41.967, 37.966
16.458, -42.035, 37.63
16.385, -42.104, 37.291
16.315, -42.175, 36.948
16.245, -42.246, 36.603
16.176, -42.319, 36.255
16.109, -42.393, 35.903
16.043, -42.468, 35.547
15.978, -42.544, 35.188
15.915, -42.622, 34.825
15.853, -42.7, 34.459
15.793, -42.78, 34.088
15.734, -42.861, 33.713
15.677, -42.943, 33.335
15.621, -43.026, 32.951
15.567, -43.11, 32.564
15.514, -43.195, 32.171
15.463, -43.281, 31.774
15.413, -43.368, 31.372
15.365, -43.455, 30.964
15.319, -43.544, 30.552
15.273, -43.633, 30.133
15.23, -43.723, 29.709
15.187, -43.814, 29.278
15.146, -43.905, 28.841
15.106, -43.996, 28.397
15.067, -44.088, 27.946
15.029, -44.181, 27.488
14.991, -44.274, 27.022
14.954, -44.367, 26.548
14.918, -44.46, 26.065
14.882, -44.553, 25.573
14.846, -44.646, 25.072
14.81, -44.74, 24.56
14.774, -44.833, 24.037
14.737, -44.926, 23.503
14.699, -45.018, 22.956
14.66, -45.11, 22.396
14.62, -45.202, 21.822
14.578, -45.293, 21.232
14.535, -45.383, 20.625
14.489, -45.472, 20
14.441, -45.56, 20
14.391, -45.646, 20
14.338, -45.731, 20
14.281, -45.813, 20
14.222, -45.894, 20
14.16, -45.972, 20
14.095, -46.048, 20
14.026, -46.121, 20
13.955, -46.191, 20
13.881, -46.258, 20
13.804, -46.322, 20
13.725, -46.383, 20
13.643, -46.441, 20
13.559, -46.496, 20
13.474, -46.547, 20
13.387, -46.596, 20
13.298, -46.642, 20
13.208, -46.686, 20
13.117, -46.727, 20
13.024, -46.765, 23.383
12.931, -46.802, 28.379
12.837, -46.836, 33.196
12.743, -46.868, 35.903
12.647, -46.898, 35.547
12.551, -46.927, 35.188
12.455, -46.953, 34.825
12.358, -46.979, 34.459
12.261, -47.002, 34.088
12.164, -47.024, 33.713
12.066, -47.045, 33.335
11.968, -47.065, 32.951
11.87, -47.084, 32.564
11.771, -47.101, 32.171
11.672, -47.117, 31.774
11.574, -47.133, 31.372
11.475, -47.147, 30.964
11.376, -47.16, 30.552
11.276, -47.173, 30.133
11.177, -47.185, 29.709
11.078, -47.196, 29.278
10.978, -47.206, 28.841
10.879, -47.216, 28.397
10.779, -47.225, 27.946
10.679, -47.233, 27.488
10.58, -47.241, 27.022
10.48, -47.248, 26.548
10.38, -47.254, 26.065
10.28, -47.26, 25.573
10.18, -47.265, 25.072
10.081, -47.27, 24.56
9.981, -47.275, 24.037
9.881, -47.279, 23.503
9.781, -47.282, 22.956
9.681, -47.286, 22.396
9.581, -47.288, 21.822
9.481, -47.291, 21.232
9.381, -47.293, 20.625
9.281, -47.294, 20
9.201, -47.295, 0
9.201, -47.295, 0
-10.798, -47.551, 0
endData
127
100
200
58.594, -35.673, -1.794, -37.005, 23.406, -47.134, 9.201, -47.295
#PATH.JERRYIO-DATA {"appVersion":"0.8.3","format":"LemLib v0.5","gc":{"robotWidth":12,"robotHeight":12,"robotIsHolonomic":false,"showRobot":false,"uol":2.54,"pointDensity":0.1,"controlMagnetDistance":1.968503937007874,"fieldImage":{"displayName":"V5RC 2025 - High Stakes","signature":"V5RC 2025 - High Stakes","origin":{"__type":"built-in"}},"coordinateSystem":"VEX Gaming Positioning System"},"paths":[{"segments":[{"controls":[{"uid":"bIt2L2Yhaq","x":58.59448818897638,"y":-35.67322834645669,"lock":false,"visible":true,"heading":0,"__type":"end-point"},{"uid":"QT0er3J3ek","x":-1.7939334287759543,"y":-37.00492125984251,"lock":false,"visible":true,"__type":"control"},{"uid":"QU2fCHPXBD","x":23.405511811023622,"y":-47.13385826771653,"lock":false,"visible":true,"__type":"control"},{"uid":"e1DaS5sEGr","x":9.200787401574802,"y":-47.29527559055118,"lock":false,"visible":true,"heading":0,"__type":"end-point"}],"speedProfiles":[],"lookaheadKeyframes":[],"uid":"Jsr6niTrhn"}],"pc":{"speedLimit":{"minLimit":{"value":0,"label":"0"},"maxLimit":{"value":127,"label":"127"},"step":1,"from":20,"to":100},"bentRateApplicableRange":{"minLimit":{"value":0,"label":"0"},"maxLimit":{"value":1,"label":"1"},"step":0.001,"from":0,"to":0.1},"maxDecelerationRate":127},"name":"Path","uid":"ZBiVQc1ATP","lock":false,"visible":true}]}