-58.936, -34.503, 99.075
-58.836, -34.501, 99.075
-58.736, -34.499, 99.075
-58.636, -34.497, 99.069
-58.536, -34.495, 99.069
-58.436, -34.493, 99.062
-58.336, -34.491, 99.062
-58.236, -34.489, 99.056
-58.136, -34.487, 99.056
-58.036, -34.485, 99.05
-57.936, -34.484, 99.05
-57.836, -34.482, 99.043
-57.736, -34.48, 99.043
-57.636, -34.478, 99.037
-57.536, -34.477, 99.037
-57.436, -34.475, 99.03
-57.336, -34.473, 99.03
-57.236, -34.472, 99.024
-57.136, -34.47, 99.024
-57.036, -34.469, 99.017
-56.936, -34.467, 99.017
-56.836, -34.466, 99.011
-56.736, -34.464, 99.011
-56.636, -34.463, 99.004
-56.536, -34.462, 99.004
-56.436, -34.46, 98.997
-56.336, -34.459, 98.997
-56.236, -34.458, 98.99
-56.136, -34.456, 98.99
-56.036, -34.455, 98.983
-55.936, -34.454, 98.983
-55.836, -34.453, 98.977
-55.736, -34.452, 98.977
-55.636, -34.451, 98.977
-55.536, -34.45, 98.97
-55.436, -34.449, 98.97
-55.336, -34.448, 98.963
-55.236, -34.447, 98.963
-55.136, -34.446, 98.955
-55.036, -34.445, 98.955
-54.936, -34.444, 98.948
-54.836, -34.443, 98.948
-54.736, -34.442, 98.941
-54.636, -34.442, 98.934
-54.536, -34.441, 98.934
-54.436, -34.44, 98.926
-54.336, -34.44, 98.926
-54.236, -34.439, 98.919
-54.136, -34.438, 98.919
-54.036, -34.438, 98.912
-53.936, -34.437, 98.912
-53.836, -34.437, 98.904
-53.736, -34.436, 98.904
-53.636, -34.436, 98.896
-53.536, -34.436, 98.896
-53.436, -34.435, 98.889
-53.336, -34.435, 98.889
-53.236, -34.435, 98.881
-53.136, -34.434, 98.881
-53.036, -34.434, 98.873
-52.936, -34.434, 98.873
-52.836, -34.434, 98.866
-52.736, -34.434, 98.866
-52.636, -34.434, 98.858
-52.536, -34.434, 98.858
-52.436, -34.434, 98.85
-52.336, -34.434, 98.85
-52.236, -34.434, 98.842
-52.136, -34.434, 98.842
-52.036, -34.434, 98.834
-51.936, -34.434, 98.834
-51.836, -34.435, 98.825
-51.736, -34.435, 98.825
-51.636, -34.435, 98.817
-51.536, -34.436, 98.809
-51.436, -34.436, 98.809
-51.336, -34.436, 98.8
-51.236, -34.437, 98.8
-51.136, -34.437, 98.792
-51.036, -34.438, 98.792
-50.936, -34.438, 98.784
-50.836, -34.439, 98.784
-50.736, -34.44, 98.775
-50.636, -34.44, 98.775
-50.536, -34.441, 98.766
-50.436, -34.442, 98.766
-50.336, -34.443, 98.758
-50.236, -34.444, 98.749
-50.136, -34.444, 98.749
-50.036, -34.445, 98.74
-49.936, -34.446, 98.74
-49.836, -34.447, 98.731
-49.736, -34.448, 98.731
-49.636, -34.449, 98.722
-49.536, -34.451, 98.722
-49.436, -34.452, 98.713
-49.336, -34.453, 98.713
-49.236, -34.454, 98.704
-49.136, -34.456, 98.694
-49.036, -34.457, 98.694
-48.936, -34.458, 98.685
-48.836, -34.46, 98.685
-48.736, -34.461, 98.676
-48.636, -34.463, 98.676
-48.536, -34.464, 98.666
-48.436, -34.466, 98.666
-48.336, -34.467, 98.657
-48.236, -34.469, 98.647
-48.136, -34.471, 98.647
-48.036, -34.472, 98.637
-47.936, -34.474, 98.637
-47.836, -34.476, 98.627
-47.736, -34.478, 98.627
-47.636, -34.48, 98.618
-47.536, -34.482, 98.608
-47.436, -34.484, 98.608
-47.337, -34.486, 98.598
-47.237, -34.488, 98.598
-47.137, -34.49, 98.587
-47.037, -34.492, 98.587
-46.937, -34.495, 98.577
-46.837, -34.497, 98.567
-46.737, -34.499, 98.567
-46.637, -34.502, 98.556
-46.537, -34.504, 98.556
-46.437, -34.506, 98.546
-46.337, -34.509, 98.535
-46.237, -34.511, 98.535
-46.137, -34.514, 98.525
-46.037, -34.517, 98.525
-45.937, -34.519, 98.514
-45.837, -34.522, 98.514
-45.737, -34.525, 98.503
-45.637, -34.528, 98.492
-45.537, -34.531, 98.492
-45.437, -34.534, 98.481
-45.337, -34.537, 98.481
-45.237, -34.54, 98.47
-45.137, -34.543, 98.459
-45.037, -34.546, 98.459
-44.937, -34.549, 98.447
-44.837, -34.552, 98.447
-44.737, -34.555, 98.436
-44.638, -34.559, 98.424
-44.538, -34.562, 98.424
-44.438, -34.566, 98.413
-44.338, -34.569, 98.413
-44.238, -34.573, 98.401
-44.138, -34.576, 98.389
-44.038, -34.58, 98.389
-43.938, -34.583, 98.377
-43.838, -34.587, 98.377
-43.738, -34.591, 98.365
-43.638, -34.595, 98.353
-43.538, -34.599, 98.353
-43.438, -34.603, 98.341
-43.338, -34.606, 98.328
-43.238, -34.611, 98.328
-43.139, -34.615, 98.316
-43.039, -34.619, 98.316
-42.939, -34.623, 98.303
-42.839, -34.627, 98.29
-42.739, -34.632, 98.29
-42.639, -34.636, 98.212
-42.539, -34.64, 98.083
-42.439, -34.645, 97.953
-42.339, -34.649, 97.823
-42.239, -34.654, 97.693
-42.14, -34.658, 97.563
-42.04, -34.663, 97.433
-41.94, -34.668, 97.303
-41.84, -34.673, 97.172
-41.74, -34.678, 97.041
-41.64, -34.682, 96.91
-41.54, -34.687, 96.779
-41.44, -34.692, 96.648
-41.34, -34.698, 96.516
-41.241, -34.703, 96.385
-41.141, -34.708, 96.253
-41.041, -34.713, 96.121
-40.941, -34.718, 95.988
-40.841, -34.724, 95.856
-40.741, -34.729, 95.724
-40.641, -34.735, 95.591
-40.542, -34.74, 95.458
-40.442, -34.746, 95.325
-40.342, -34.752, 95.191
-40.242, -34.757, 95.058
-40.142, -34.763, 94.924
-40.042, -34.769, 94.79
-39.943, -34.775, 94.656
-39.843, -34.781, 94.522
-39.743, -34.787, 94.387
-39.643, -34.793, 94.253
-39.543, -34.799, 94.118
-39.444, -34.805, 93.983
-39.344, -34.812, 93.848
-39.244, -34.818, 93.712
-39.144, -34.825, 93.577
-39.044, -34.831, 93.441
-38.945, -34.838, 93.305
-38.845, -34.844, 93.169
-38.745, -34.851, 93.032
-38.645, -34.858, 92.896
-38.545, -34.864, 92.759
-38.446, -34.871, 92.622
-38.346, -34.878, 92.485
-38.246, -34.885, 92.347
-38.146, -34.892, 92.209
-38.047, -34.9, 92.072
-37.947, -34.907, 91.934
-37.847, -34.914, 91.795
-37.748, -34.921, 91.657
-37.648, -34.929, 91.518
-37.548, -34.936, 91.379
-37.448, -34.944, 91.24
-37.349, -34.952, 91.101
-37.249, -34.959, 90.961
-37.149, -34.967, 90.822
-37.05, -34.975, 90.682
-36.95, -34.983, 90.542
-36.85, -34.991, 90.401
-36.751, -34.999, 90.261
-36.651, -35.007, 90.12
-36.551, -35.015, 89.979
-36.452, -35.024, 89.838
-36.352, -35.032, 89.696
-36.252, -35.04, 89.554
-36.153, -35.049, 89.412
-36.053, -35.058, 89.27
-35.953, -35.066, 89.128
-35.854, -35.075, 88.985
-35.754, -35.084, 88.843
-35.655, -35.093, 88.699
-35.555, -35.102, 88.556
-35.455, -35.111, 88.413
-35.356, -35.12, 88.269
-35.256, -35.129, 88.125
-35.157, -35.139, 87.981
-35.057, -35.148, 87.836
-34.958, -35.157, 87.691
-34.858, -35.167, 87.547
-34.758, -35.177, 87.401
-34.659, -35.186, 87.256
-34.559, -35.196, 87.11
-34.46, -35.206, 86.964
-34.36, -35.216, 86.818
-34.261, -35.226, 86.672
-34.161, -35.236, 86.525
-34.062, -35.246, 86.378
-33.962, -35.257, 86.231
-33.863, -35.267, 86.084
-33.764, -35.278, 85.936
-33.664, -35.288, 85.788
-33.565, -35.299, 85.64
-33.465, -35.31, 85.491
-33.366, -35.32, 85.343
-33.266, -35.331, 85.194
-33.167, -35.342, 85.045
-33.068, -35.353, 84.895
-32.968, -35.365, 84.745
-32.869, -35.376, 84.595
-32.77, -35.387, 84.445
-32.67, -35.399, 84.295
-32.571, -35.41, 84.144
-32.472, -35.422, 83.993
-32.372, -35.434, 83.841
-32.273, -35.446, 83.69
-32.174, -35.458, 83.538
-32.074, -35.47, 83.386
-31.975, -35.482, 83.233
-31.876, -35.494, 83.081
-31.777, -35.506, 82.928
-31.678, -35.519, 82.774
-31.578, -35.531, 82.621
-31.479, -35.544, 82.467
-31.38, -35.557, 82.313
-31.281, -35.57, 82.158
-31.182, -35.583, 82.004
-31.082, -35.596, 81.849
-30.983, -35.609, 81.693
-30.884, -35.622, 81.538
-30.785, -35.636, 81.382
-30.686, -35.649, 81.226
-30.587, -35.663, 81.069
-30.488, -35.676, 80.912
-30.389, -35.69, 80.755
-30.29, -35.704, 80.598
-30.191, -35.718, 80.44
-30.092, -35.732, 80.282
-29.993, -35.747, 80.124
-29.894, -35.761, 79.965
-29.795, -35.776, 79.806
-29.696, -35.79, 79.647
-29.597, -35.805, 79.487
-29.498, -35.82, 79.327
-29.399, -35.835, 79.167
-29.301, -35.85, 79.006
-29.202, -35.865, 78.845
-29.103, -35.88, 78.684
-29.004, -35.896, 78.523
-28.905, -35.911, 78.361
-28.807, -35.927, 78.198
-28.708, -35.943, 78.036
-28.609, -35.959, 77.873
-28.51, -35.975, 77.71
-28.412, -35.991, 77.546
-28.313, -36.007, 77.382
-28.214, -36.024, 77.218
-28.116, -36.04, 77.053
-28.017, -36.057, 76.888
-27.919, -36.074, 76.723
-27.82, -36.091, 76.557
-27.722, -36.108, 76.391
-27.623, -36.125, 76.225
-27.525, -36.143, 76.058
-27.426, -36.16, 75.891
-27.328, -36.178, 75.723
-27.229, -36.195, 75.555
-27.131, -36.213, 75.387
-27.033, -36.232, 75.218
-26.934, -36.25, 75.049
-26.836, -36.268, 74.88
-26.738, -36.287, 74.71
-26.639, -36.305, 74.54
-26.541, -36.324, 74.369
-26.443, -36.343, 74.198
-26.345, -36.362, 74.027
-26.247, -36.381, 73.855
-26.149, -36.401, 73.683
-26.051, -36.42, 73.51
-25.952, -36.44, 73.338
-25.854, -36.46, 73.164
-25.757, -36.48, 72.99
-25.659, -36.5, 72.816
-25.561, -36.521, 72.642
-25.463, -36.541, 72.466
-25.365, -36.562, 72.291
-25.267, -36.583, 72.115
-25.169, -36.604, 71.939
-25.072, -36.625, 71.762
-24.974, -36.646, 71.585
-24.876, -36.668, 71.407
-24.779, -36.689, 71.229
-24.681, -36.711, 71.051
-24.584, -36.733, 70.872
-24.486, -36.756, 70.692
-24.389, -36.778, 70.512
-24.291, -36.801, 70.332
-24.194, -36.823, 70.151
-24.097, -36.846, 69.97
-23.999, -36.869, 69.788
-23.902, -36.893, 69.606
-23.805, -36.916, 69.423
-23.708, -36.94, 69.24
-23.611, -36.964, 69.056
-23.513, -36.988, 68.872
-23.416, -37.012, 68.688
-23.32, -37.037, 68.502
-23.223, -37.062, 68.317
-23.126, -37.087, 68.131
-23.029, -37.112, 67.944
-22.932, -37.137, 67.757
-22.836, -37.162, 67.569
-22.739, -37.188, 67.381
-22.642, -37.214, 67.192
-22.546, -37.24, 67.003
-22.449, -37.267, 66.813
-22.353, -37.293, 66.623
-22.257, -37.32, 66.432
-22.16, -37.347, 66.24
-22.064, -37.375, 66.048
-21.968, -37.402, 65.856
-21.872, -37.43, 65.663
-21.776, -37.458, 65.469
-21.68, -37.486, 65.275
-21.584, -37.514, 65.08
-21.488, -37.543, 64.884
-21.393, -37.572, 64.688
-21.297, -37.601, 64.492
-21.201, -37.631, 64.295
-21.106, -37.66, 64.097
-21.011, -37.69, 63.898
-20.915, -37.721, 63.699
-20.82, -37.751, 63.5
-20.725, -37.782, 63.299
-20.63, -37.813, 63.098
-20.535, -37.844, 62.897
-20.44, -37.876, 62.694
-20.345, -37.907, 62.492
-20.25, -37.94, 62.288
-20.156, -37.972, 62.084
-20.061, -38.005, 61.879
-19.967, -38.038, 61.673
-19.873, -38.071, 61.467
-19.778, -38.104, 61.26
-19.684, -38.138, 61.052
-19.59, -38.172, 60.844
-19.496, -38.207, 60.635
-19.403, -38.242, 60.425
-19.309, -38.277, 60.215
-19.215, -38.312, 60.003
-19.122, -38.348, 59.791
-19.029, -38.384, 59.578
-18.936, -38.42, 59.365
-18.843, -38.457, 59.151
-18.75, -38.494, 58.935
-18.657, -38.531, 58.72
-18.564, -38.569, 58.503
-18.472, -38.607, 58.285
-18.379, -38.645, 58.067
-18.287, -38.684, 57.848
-18.195, -38.723, 57.628
-18.103, -38.763, 57.407
-18.012, -38.803, 57.186
-17.92, -38.843, 56.963
-17.829, -38.883, 56.74
-17.738, -38.924, 56.515
-17.646, -38.966, 56.29
-17.556, -39.008, 56.064
-17.465, -39.05, 55.837
-17.374, -39.092, 55.609
-17.284, -39.135, 55.38
-17.194, -39.179, 55.151
-17.104, -39.222, 54.92
-17.014, -39.267, 54.688
-16.925, -39.311, 54.455
-16.836, -39.356, 54.222
-16.747, -39.402, 53.987
-16.658, -39.448, 53.751
-16.569, -39.494, 53.514
-16.481, -39.541, 53.277
-16.393, -39.588, 53.038
-16.305, -39.636, 52.798
-16.217, -39.684, 52.557
-16.13, -39.733, 52.314
-16.043, -39.782, 52.071
-15.956, -39.832, 51.827
-15.87, -39.882, 51.581
-15.784, -39.933, 51.334
-15.698, -39.984, 51.086
-15.612, -40.036, 50.837
-15.527, -40.088, 50.586
-15.442, -40.141, 50.335
-15.357, -40.194, 50.082
-15.273, -40.248, 49.828
-15.189, -40.302, 49.572
-15.105, -40.357, 49.315
-15.022, -40.412, 49.057
-14.939, -40.468, 48.797
-14.857, -40.525, 48.537
-14.774, -40.582, 48.274
-14.693, -40.639, 48.01
-14.611, -40.698, 47.745
-14.531, -40.756, 47.478
-14.45, -40.816, 47.21
-14.37, -40.876, 46.94
-14.29, -40.936, 46.669
-14.211, -40.997, 46.396
-14.133, -41.059, 46.122
-14.054, -41.122, 45.845
-13.977, -41.185, 45.567
-13.9, -41.248, 45.288
-13.823, -41.312, 45.007
-13.747, -41.377, 44.724
-13.671, -41.443, 44.439
-13.596, -41.509, 44.152
-13.522, -41.575, 43.863
-13.448, -41.643, 43.573
-13.374, -41.711, 43.28
-13.301, -41.779, 42.986
-13.229, -41.848, 42.69
-13.158, -41.918, 42.391
-13.087, -41.989, 42.09
-13.016, -42.06, 41.787
-12.947, -42.131, 41.482
-12.878, -42.204, 41.175
-12.809, -42.277, 40.866
-12.742, -42.35, 40.554
-12.675, -42.425, 40.239
-12.608, -42.499, 39.922
-12.543, -42.575, 39.603
-12.478, -42.651, 39.281
-12.413, -42.727, 38.956
-12.35, -42.805, 38.629
-12.287, -42.882, 38.299
-12.225, -42.961, 37.966
-12.164, -43.04, 37.63
-12.103, -43.119, 37.291
-12.043, -43.199, 36.949
-11.984, -43.28, 36.603
-11.925, -43.361, 36.255
-11.867, -43.443, 35.903
-11.81, -43.525, 35.547
-11.754, -43.607, 35.188
-11.698, -43.69, 34.825
-11.643, -43.774, 34.459
-11.589, -43.858, 34.088
-11.535, -43.942, 33.713
-11.482, -44.027, 33.335
-11.429, -44.112, 32.951
-11.377, -44.197, 32.564
-11.326, -44.283, 32.171
-11.275, -44.369, 31.774
-11.224, -44.455, 31.372
-11.174, -44.542, 30.964
-11.125, -44.629, 30.552
-11.075, -44.716, 30.133
-11.026, -44.803, 29.709
-10.978, -44.89, 29.278
-10.929, -44.978, 28.841
-10.881, -45.065, 28.397
-10.832, -45.153, 27.946
-10.784, -45.24, 27.488
-10.735, -45.327, 27.022
-10.686, -45.415, 26.548
-10.637, -45.502, 26.065
-10.587, -45.589, 25.573
-10.537, -45.675, 25.072
-10.486, -45.761, 24.56
-10.434, -45.847, 24.037
-10.382, -45.932, 23.503
-10.328, -46.016, 22.956
-10.273, -46.099, 22.396
-10.216, -46.182, 21.822
-10.158, -46.263, 21.232
-10.098, -46.343, 20.625
-10.037, -46.422, 20
-9.973, -46.499, 20
-9.906, -46.574, 20
-9.838, -46.646, 20
-9.766, -46.717, 20
-9.693, -46.784, 20
-9.616, -46.848, 20
-9.537, -46.91, 20
-9.455, -46.967, 20
-9.371, -47.021, 20
-9.284, -47.071, 20
-9.196, -47.117, 20
-9.105, -47.159, 20
-9.012, -47.197, 20
-8.918, -47.231, 20
-8.823, -47.261, 20
-8.727, -47.288, 20
-8.629, -47.31, 20
-8.531, -47.33, 20
-8.433, -47.346, 20
-8.333, -47.359, 20
-8.234, -47.369, 20
-8.134, -47.377, 20
-8.089, -47.38, 0
-8.089, -47.38, 0
11.877, -48.548, 0
endData
127
100
200
-58.936, -34.503, -3.467, -33.347, -14.362, -47.049, -8.089, -47.38
#PATH.JERRYIO-DATA {"appVersion":"0.8.3","format":"LemLib v0.5","gc":{"robotWidth":12,"robotHeight":12,"robotIsHolonomic":false,"showRobot":false,"uol":2.54,"pointDensity":0.1,"controlMagnetDistance":1.968503937007874,"fieldImage":{"displayName":"V5RC 2025 - High Stakes","signature":"V5RC 2025 - High Stakes","origin":{"__type":"built-in"}},"coordinateSystem":"VEX Gaming Positioning System"},"paths":[{"segments":[{"controls":[{"uid":"bIt2L2Yhaq","x":-58.93566571224052,"y":-34.50295275590551,"lock":false,"visible":true,"heading":0,"__type":"end-point"},{"uid":"QT0er3J3ek","x":-3.466803865425913,"y":-33.34735146743021,"lock":false,"visible":true,"__type":"control"},{"uid":"QU2fCHPXBD","x":-14.362473156764496,"y":-47.04948103078024,"lock":false,"visible":true,"__type":"control"},{"uid":"e1DaS5sEGr","x":-8.08920901932713,"y":-47.379652827487476,"lock":false,"visible":true,"heading":0,"__type":"end-point"}],"speedProfiles":[],"lookaheadKeyframes":[],"uid":"Jsr6niTrhn"}],"pc":{"speedLimit":{"minLimit":{"value":0,"label":"0"},"maxLimit":{"value":127,"label":"127"},"step":1,"from":20,"to":100},"bentRateApplicableRange":{"minLimit":{"value":0,"label":"0"},"maxLimit":{"value":1,"label":"1"},"step":0.001,"from":0,"to":0.1},"maxDecelerationRate":127},"name":"Path","uid":"ZBiVQc1ATP","lock":false,"visible":true}]}